0.000000	1.000000	
0.483530	2.000000	
0.915020	3.000000	
1.346520	4.000000	
1.470200	5.000000	
1.778020	6.000000	
1.878020	7.000000	
2.001700	8.000000	
2.209510	9.000000	
2.354220	10.000000	
2.355820	11.000000	
2.433190	12.000000	
2.641010	13.000000	
2.856750	14.000000	
2.858350	15.000000	
2.859950	16.000000	
2.904110	17.000000	
2.951470	18.000000	
3.072500	19.000000	
3.335610	20.000000	
3.431930	21.000000	
3.433530	22.000000	
3.435130	23.000000	
3.436730	24.000000	
3.477690	25.000000	
3.525050	26.000000	
3.572410	27.000000	
3.740790	28.000000	
3.742390	29.000000	
4.099190	30.000000	
4.242870	31.000000	
4.244470	32.000000	
4.246070	33.000000	
4.247670	34.000000	
4.249270	35.000000	
4.250870	36.000000	
4.252470	37.000000	
4.254070	38.000000	
4.255670	39.000000	
4.304630	40.000000	
4.530690	41.000000	
4.532290	42.000000	
4.533890	43.000000	
4.938050	44.000000	
5.034370	45.000000	
5.249090	46.000000	
5.250690	47.000000	
5.252290	48.000000	
5.253890	49.000000	
5.255490	50.000000	
5.257090	51.000000	
5.258690	52.000000	
5.260290	53.000000	
5.332930	54.000000	
5.334530	55.000000	
5.694530	27.500000	
6.884530	1.000000	
7.643330	2.000000	
8.074820	3.000000	
8.076420	4.000000	
8.098500	5.000000	
8.122180	6.000000	
8.506320	7.000000	
8.507920	8.000000	
8.531600	9.000000	
8.555280	10.000000	
8.985180	11.000000	
9.008860	12.000000	
9.032540	13.000000	
9.056220	13.077000	
9.511390	13.153000	
9.535070	13.229000	
9.582430	13.305000	
9.606110	13.380000	
9.629790	13.455000	
9.653470	13.529000	
9.700830	13.603000	
9.987620	13.677000	
10.037610	13.750000	
10.084970	13.823000	
10.132330	13.895000	
10.179690	13.967000	
10.227050	14.038000	
10.274410	14.110000	
10.321770	14.181000	
10.492780	14.251000	
10.540140	14.321000	
10.587500	14.391000	
10.634860	14.461000	
10.682220	14.530000	
10.729580	14.599000	
10.776940	14.667000	
10.945330	14.735000	
10.971640	14.803000	
11.019000	14.871000	
11.066360	14.938000	
11.113720	15.005000	
11.161080	15.071000	
11.208440	15.138000	
11.472120	15.204000	
11.473720	15.270000	
11.475320	15.335000	
11.518900	15.400000	
11.566260	15.465000	
11.613620	15.530000	
11.660980	15.594000	
11.995130	15.658000	
12.186170	15.722000	
12.187770	15.786000	
12.189370	15.849000	
12.190970	15.912000	
12.192570	15.975000	
12.194170	16.038000	
12.195770	16.100000	
12.670970	16.162000	
12.933050	16.224000	
12.934650	16.286000	
12.936250	16.347000	
12.937850	16.408000	
12.939450	16.469000	
12.941050	16.530000	
12.942650	16.590000	
13.536250	16.651000	
13.537850	16.711000	
13.539450	16.771000	
13.541050	16.830000	
13.542650	16.890000	
13.544250	16.949000	
13.553980	17.008000	
13.601340	17.067000	
13.648700	17.125000	
14.152380	17.184000	
14.153980	17.242000	
14.155580	17.300000	
14.157180	17.358000	
14.158780	17.415000	
14.204540	17.473000	
14.251900	17.530000	
14.301890	17.587000	
14.706050	17.644000	
14.802370	17.701000	
14.803970	17.757000	
14.805570	17.813000	
14.807170	17.869000	
14.808770	17.925000	
14.820680	17.981000	
14.869640	18.037000	
14.917000	18.092000	
15.416900	18.148000	
15.418500	18.203000	
15.420100	18.258000	
15.421700	18.312000	
15.423300	18.367000	
15.446980	18.421000	
15.520650	18.476000	
15.543300	18.530000	
15.590660	18.584000	
16.066890	18.638000	
16.068490	18.691000	
16.070090	18.745000	
16.071690	18.798000	
16.073290	18.851000	
16.085200	18.904000	
16.135180	18.957000	
16.181520	19.010000	
16.228880	19.063000	
16.728780	19.115000	
16.730380	19.167000	
16.731980	19.220000	
16.733580	19.272000	
16.735180	19.323000	
16.736780	19.375000	
16.785740	19.427000	
16.831500	19.478000	
16.878860	19.530000	
17.307730	19.581000	
17.404050	19.632000	
17.405650	19.683000	
17.407250	19.734000	
17.408850	19.784000	
17.410450	19.835000	
17.412050	19.885000	
17.461010	19.936000	
17.493400	19.986000	
17.540760	20.036000	
18.064340	20.086000	
18.065940	20.136000	
18.067540	20.185000	
18.069140	20.235000	
18.070740	20.284000	
18.072340	20.333000	
18.122330	20.383000	
18.144980	20.432000	
18.192340	20.481000	
18.239700	20.529000	
18.786970	20.578000	
18.788570	20.627000	
18.790170	20.675000	
18.791770	20.724000	
18.793370	20.772000	
18.794970	20.820000	
18.843930	20.868000	
18.845530	20.916000	
18.876320	20.964000	
18.923680	21.011000	
19.470940	21.059000	
19.472540	21.107000	
19.474140	21.154000	
19.475740	21.201000	
19.477340	21.248000	
19.478940	21.295000	
19.527900	21.342000	
19.551580	21.389000	
19.598940	21.436000	
19.646300	21.483000	
20.122530	21.529000	
20.218850	21.576000	
20.220450	21.622000	
20.222050	21.668000	
20.223650	21.714000	
20.225250	21.760000	
20.226850	21.806000	
20.275810	21.852000	
20.277410	21.898000	
20.282920	21.944000	
20.331880	21.989000	
20.879140	22.035000	
20.880740	22.080000	
20.882340	22.125000	
20.883940	22.171000	
20.885540	22.216000	
20.887140	22.261000	
20.937130	22.306000	
20.959780	22.350000	
21.007140	22.395000	
21.080810	22.440000	
21.508650	22.484000	
21.604970	22.529000	
21.606570	22.573000	
21.608170	22.618000	
21.609770	22.662000	
21.611370	22.706000	
21.612970	22.750000	
21.661930	22.794000	
21.663530	22.838000	
21.691120	22.882000	
21.788460	22.925000	
22.168940	22.969000	
22.312620	23.012000	
22.314220	23.056000	
22.315820	23.099000	
22.317420	23.143000	
22.319020	23.186000	
22.320620	23.229000	
22.393260	23.272000	
22.394860	23.315000	
22.396460	23.358000	
22.466930	23.401000	
22.847410	23.443000	
22.991090	23.486000	
22.992690	23.529000	
22.994290	23.571000	
22.995890	23.614000	
22.997490	23.656000	
22.999090	23.698000	
23.000690	23.740000	
23.101940	23.782000	
23.103540	23.825000	
23.126200	23.866000	
23.199860	23.908000	
23.580340	23.950000	
23.724020	23.992000	
23.725620	24.034000	
23.727220	24.075000	
23.728820	24.117000	
23.730420	24.158000	
23.732020	24.200000	
23.852020	24.241000	
23.853620	24.282000	
23.855220	24.323000	
23.904180	24.365000	
24.284660	24.406000	
24.286260	24.447000	
24.429940	24.487000	
24.431540	24.528000	
24.433140	24.569000	
24.434740	24.610000	
24.436340	24.650000	
24.437940	24.691000	
24.534260	24.731000	
24.535860	24.772000	
24.537600	24.812000	
24.611260	24.853000	
24.991740	24.893000	
24.993340	24.933000	
