0.000000	1.000000	
0.583530	2.000000	
1.015020	3.000000	
1.446520	4.000000	
1.612560	5.000000	
1.878020	6.000000	
2.044050	7.000000	
2.044630	8.000000	
2.309510	9.000000	
2.475550	10.000000	
2.476120	11.000000	
2.522910	12.000000	
2.762330	13.000000	
2.762910	14.000000	
2.907040	15.000000	
2.907620	16.000000	
2.954400	17.000000	
3.001760	18.000000	
3.049120	19.000000	
3.406950	20.000000	
3.407520	21.000000	
3.481190	22.000000	
3.481760	23.000000	
3.483360	24.000000	
3.484960	25.000000	
3.504300	26.000000	
3.577960	27.000000	
3.600620	28.000000	
4.053160	29.000000	
4.125800	30.000000	
4.126380	31.000000	
4.127980	32.000000	
4.272680	33.000000	
4.273260	34.000000	
4.274860	35.000000	
4.276460	36.000000	
4.278060	37.000000	
4.279660	38.000000	
4.281260	39.000000	
4.365230	40.000000	
4.365800	41.000000	
4.411560	42.000000	
4.816750	43.000000	
4.936750	44.000000	
4.937320	45.000000	
4.938920	46.000000	
4.940520	47.000000	
4.942120	48.000000	
5.063150	49.000000	
5.063720	50.000000	
5.065320	51.000000	
5.066920	52.000000	
5.068520	53.000000	
5.070120	54.000000	
5.071720	55.000000	
5.106740	56.000000	
5.204080	57.000000	
5.204660	58.000000	
5.300400	59.000000	
5.300980	60.000000	
5.346740	61.000000	
5.394100	62.000000	
5.441460	63.000000	
6.012400	64.000000	
6.012980	65.000000	
6.014580	66.000000	
6.016180	67.000000	
6.017780	68.000000	
6.044080	69.000000	
6.044660	70.000000	
6.070960	71.000000	
6.071540	72.000000	
6.073140	73.000000	
6.082740	74.000000	
6.130100	75.000000	
6.177460	76.000000	
6.224820	77.000000	
6.272180	78.000000	
6.319540	79.000000	
6.366900	80.000000	
6.414260	81.000000	
6.461620	82.000000	
6.513780	83.000000	
6.561140	84.000000	
6.608500	85.000000	
6.684340	42.500000	
9.615700	1.000000	
9.659150	2.000000	
10.136400	3.000000	
10.138000	4.000000	
10.587800	5.000000	
11.019300	6.000000	
11.019880	7.000000	
11.042980	8.000000	
11.090340	9.000000	
11.114020	10.000000	
11.137700	11.000000	
11.495520	12.000000	
11.496100	13.000000	
11.497700	14.000000	
11.499300	15.000000	
11.522410	16.000000	
11.569770	17.000000	
11.593450	18.000000	
11.617130	19.000000	
11.640810	20.000000	
11.664490	21.000000	
11.998640	21.048000	
11.999210	21.095000	
12.000810	21.143000	
12.069100	21.190000	
12.092780	21.237000	
12.116460	21.284000	
12.140140	21.331000	
12.163820	21.378000	
12.187500	21.425000	
12.213800	21.471000	
12.283820	21.518000	
12.307500	21.564000	
12.378540	21.611000	
12.751340	21.657000	
13.461740	21.703000	
13.463340	21.749000	
13.464940	21.795000	
13.466540	21.841000	
13.468140	21.887000	
13.469740	21.933000	
13.515500	21.978000	
13.562860	22.024000	
13.610220	22.069000	
13.657580	22.115000	
13.704940	22.160000	
14.086440	22.205000	
14.135400	22.250000	
14.135980	22.295000	
14.137580	22.340000	
14.139180	22.384000	
14.140780	22.429000	
14.142380	22.474000	
14.179000	22.518000	
14.226360	22.563000	
14.273720	22.607000	
14.321080	22.651000	
14.631540	22.695000	
14.727860	22.739000	
14.728440	22.783000	
14.730040	22.827000	
14.731640	22.871000	
14.733240	22.915000	
14.780020	22.958000	
14.827380	23.002000	
14.874740	23.045000	
14.924720	23.089000	
14.971060	23.132000	
15.281520	23.175000	
15.401520	23.219000	
15.402100	23.262000	
15.403700	23.305000	
15.405300	23.348000	
15.406900	23.390000	
15.408500	23.433000	
15.443520	23.476000	
15.490880	23.518000	
15.538240	23.561000	
15.585600	23.603000	
15.896060	23.646000	
16.039740	23.688000	
16.040320	23.730000	
16.041920	23.772000	
16.043520	23.814000	
16.045120	23.856000	
16.046720	23.898000	
16.093500	23.940000	
16.140860	23.982000	
16.188220	24.024000	
16.235580	24.065000	
16.546040	24.107000	
16.713400	24.148000	
16.713980	24.190000	
16.715580	24.231000	
16.717180	24.272000	
16.718780	24.314000	
16.720380	24.355000	
16.721980	24.396000	
16.755400	24.437000	
16.802760	24.478000	
16.850120	24.518000	
16.897480	24.559000	
17.207940	24.600000	
17.351620	24.641000	
17.352200	24.681000	
17.353800	24.722000	
17.355400	24.762000	
17.357000	24.803000	
17.358600	24.843000	
17.381700	24.883000	
17.429060	24.923000	
17.476420	24.963000	
17.526400	25.003000	
17.572740	25.043000	
17.883200	25.083000	
18.050560	25.123000	
18.051140	25.163000	
18.052740	25.203000	
18.054340	25.243000	
18.055940	25.282000	
18.057540	25.322000	
18.059140	25.361000	
18.067280	25.401000	
18.114640	25.440000	
18.162000	25.479000	
18.209360	25.519000	
18.256720	25.558000	
18.543500	25.597000	
18.734540	25.636000	
18.735120	25.675000	
18.736720	25.714000	
18.738320	25.753000	
18.739920	25.792000	
18.741520	25.830000	
18.766220	25.869000	
18.813580	25.908000	
18.860940	25.946000	
18.908300	25.985000	
18.955660	26.023000	
19.266120	26.062000	
19.480840	26.100000	
19.481420	26.138000	
19.483020	26.177000	
19.484620	26.215000	
19.486220	26.253000	
19.487820	26.291000	
19.489420	26.329000	
19.491020	26.367000	
19.497560	26.405000	
19.544920	26.443000	
19.592280	26.481000	
19.639640	26.519000	
19.950100	26.556000	
20.093780	26.594000	
20.142740	26.632000	
20.143320	26.669000	
20.144920	26.707000	
20.146520	26.744000	
20.148120	26.781000	
20.149720	26.819000	
20.196500	26.856000	
20.243860	26.893000	
20.291220	26.930000	
20.341200	26.968000	
20.387540	27.005000	
20.698000	27.042000	
20.841680	27.079000	
20.890640	27.116000	
20.891220	27.152000	
20.892820	27.189000	
20.894420	27.226000	
20.896020	27.263000	
20.897620	27.299000	
20.899220	27.336000	
20.905760	27.373000	
20.953120	27.409000	
21.000480	27.446000	
21.047840	27.482000	
21.381980	27.519000	
21.525660	27.555000	
21.526240	27.591000	
21.576220	27.627000	
21.576800	27.664000	
21.578400	27.700000	
21.580000	27.736000	
21.581600	27.772000	
21.583200	27.808000	
21.606300	27.844000	
21.653660	27.880000	
21.701020	27.916000	
21.749980	27.951000	
21.797340	27.987000	
22.084120	28.023000	
22.227800	28.059000	
22.276760	28.094000	
22.277340	28.130000	
22.278940	28.165000	
22.280540	28.201000	
22.282140	28.236000	
22.283740	28.272000	
22.290280	28.307000	
22.337640	28.343000	
22.387620	28.378000	
22.433960	28.413000	
22.481320	28.448000	
22.815460	28.483000	
22.816040	28.519000	
22.960740	28.554000	
23.009700	28.589000	
23.010280	28.624000	
23.011880	28.659000	
23.013480	28.693000	
23.015080	28.728000	
23.016680	28.763000	
23.018280	28.798000	
23.039780	28.833000	
23.088740	28.867000	
23.136100	28.902000	
23.183460	28.936000	
23.493920	28.971000	
23.494500	29.006000	
23.639200	29.040000	
23.688160	29.074000	
23.688740	29.109000	
23.690340	29.143000	
23.691940	29.178000	
23.693540	29.212000	
23.695140	29.246000	
23.725360	29.280000	
23.772720	29.314000	
23.822700	29.349000	
23.869040	29.383000	
23.916400	29.417000	
24.226860	29.451000	
24.227440	29.485000	
24.372140	29.518000	
24.421100	29.552000	
24.421680	29.586000	
24.423280	29.620000	
24.424880	29.654000	
24.426480	29.687000	
24.428080	29.721000	
24.429680	29.755000	
24.453360	29.788000	
24.550700	29.822000	
24.551280	29.856000	
24.598640	29.889000	
24.909100	29.922000	
24.909680	29.956000	
